0: 92 41 51
1: 17 14 3
2: 10 5 5
3: 5 4 1
4: 5 3 2
5: 5 3 2
6: 15 7 8
7: 0 0 0
8: 2 1 1
9: 0 0 0
10: 0 0 0
11: 0 0 0
12: 0 0 0
13: 0 0 0
14: 0 0 0
15: 0 0 0
16: 0 0 0
17: 0 0 0
18: 0 0 0
19: 1 1 0
20: 0 0 0
21: 1 0 1
22: 0 0 0
23: 1 0 1
24: 0 0 0
25: 2 2 0
26: 0 0 0
27: 0 0 0
28: 0 0 0
29: 0 0 0
30: 0 0 0
31: 0 0 0
32: 4 0 4
33: 0 0 0
34: 0 0 0
35: 2 1 1
36: 2 1 1
37: 0 0 0
38: 0 0 0
39: 0 0 0
40: 0 0 0
41: 0 0 0
42: 0 0 0
43: 0 0 0
44: 0 0 0
45: 0 0 0
46: 0 0 0
47: 0 0 0
48: 0 0 0
49: 0 0 0
50: 0 0 0
51: 0 0 0
52: 0 0 0
53: 0 0 0
54: 0 0 0
55: 0 0 0
56: 0 0 0
57: 0 0 0
58: 1 1 0
59: 2 1 1
60: 0 0 0
61: 0 0 0
62: 0 0 0
63: 0 0 0
64: 0 0 0
65: 0 0 0
66: 0 0 0
67: 1 0 1
68: 0 0 0
69: 1 1 0
70: 0 0 0
71: 1 1 0
72: 0 0 0
73: 1 0 1
74: 0 0 0
75: 0 0 0
76: 0 0 0
77: 0 0 0
78: 0 0 0
79: 0 0 0
80: 0 0 0
81: 0 0 0
82: 0 0 0
83: 0 0 0
84: 0 0 0
85: 0 0 0
86: 0 0 0
87: 0 0 0
88: 0 0 0
89: 0 0 0
90: 0 0 0
91: 6 3 3
92: 0 0 0
93: 0 0 0
94: 0 0 0
95: 1 0 1
96: 0 0 0
97: 0 0 0
98: 0 0 0
99: 2 0 2
100: 1 1 0
